 n<-c(2,3,4) 
 0<-c(9,10,11)
 n+o
 n<-c(2,3,4)
p<-c(4,5,6)
n+p
n-p
n>p
n*p
n<p
p<n
p>n
n==p
p>n
q<-c(1,3,4,3,2)
r<-c(2,4,4,5,2)
q>r
1>4
q<r
q==r
q!=r
1!=2
q[1]<[p]
q[1]>[p]
q[1] >[r]
q[2]>r[5]
